6 16
46 304
87 301
66 281
2 0
41 81
25 54
158 944
14 25
24 47
12 7
7 15
1 0
71 330
6 12
82 575
37 208
45 182
42 255
5 5
10 63
117 454
97 652
24 183
30 251
130 1197
92 1037
51 284
31 289
20 138
24 94
63 723
96 732
1 0
47 221
29 221
23 92
10 21
1 0
7 11
1 0
1 0
34 42
33 45
9 16
61 534
81 566
12 65
33 118
1 1
9 12
35 160
122 667
4 3
52 388
2 0
17 90
2 15
33 128
20 372
39 249
29 125
38 124
5 3
22 219
35 129
9 25
80 602
34 123
35 123
14 94
1 0
19 103
25 32
7 10
2 7
8 181
25 77
10 53
93 499
98 668
1 2
17 59
34 105
79 890
59 796
8 30
1 0
52 532
52 408
90 713
10 13
7 3
11 15
56 460
36 235
10 8
9 40
34 105
2 1
2 1
27 136
42 196
135 755
301 2150
26 150
10 37
70 394
27 116
8 12
12 19
6 7
30 53
59 375
1 0
24 107
24 63
9 7
1 0
1 0
1 0
1 0
5 6
4 41
46 157
83 680
25 108
16 33
6 26
10 70
89 556
25 79
1 1
3 4
30 206
35 92
31 77
6 2
40 558
61 206
12 55
127 836
15 19
42 98
62 261
2 1
2 1
32 45
99 1940
164 1320
42 409
108 938
15 62
8 23
30 118
136 927
78 750
6 17
25 69
7 13
6 7
11 114
3 5
6 14
9 47
26 176
11 48
227 6221
33 79
21 44
6 2
178 1050
14 219
55 651
29 296
46 639
13 84
20 103
1 0
91 1564
52 772
6 18
83 1136
132 4755
37 290
11 82
106 991
148 1093
51 342
4 16
1 0
25 155
29 285
38 363
5 28
12 21
3 17
12 225
35 395
30 283
1 0
73 600
55 282
31 127
10 50
9 18
7 3
23 121
2 2
46 526
131 2295
17 130
46 320
5 11
174 2845
168 571
82 896
77 335
104 1325
41 117
3 6
15 123
7 46
16 206
79 907
18 105
87 1291
51 240
22 64
1 0
40 218
1 0
108 1504
189 1076
1 1
28 199
155 859
196 2154
84 1029
4 2
25 213
75 817
13 58
7 11
30 145
54 785
2 4
12 59
16 30
33 60
31 104
1 0
22 495
5 52
8 24
24 214
28 252
12 18
2 14
10 235
76 1221
6 28
3 6
72 1441
15 101
201 6142
126 3109
25 48
1 0
32 521
230 5939
1 0
33 252
3 9
29 296
153 1600
22 363
4 3
7 19
10 186
11 139
4 4
29 115
31 56
16 96
16 4
47 287
9 188
3 22
51 508
89 1349
6 10
86 752
25 110
196 2089
69 1151
182 3421
68 1293
31 83
17 77
27 111
216 427
40 172
27 128
43 156
48 406
12 41
59 325
43 133
10 239
16 58
6 16
261 2932
31 129
49 273
2 1
274 1547
353 2341
80 293
24 48
34 85
4 2
31 86
76 329
233 3687
5 1
15 29
26 66
126 824
7 146
1 1
27 67
50 416
106 711
108 675
53 286
68 1401
88 2006
5 2
10 20
1 0
33 152
1 3
97 873
26 223
12 206
5 4
5 14
38 234
270 3382
86 468
60 342
148 1308
105 561
12 54
107 1520
81 807
45 320
23 122
28 166
12 79
23 74
1 0
3 11
160 1271
7 20
54 583
258 1785
34 293
64 337
16 51
110 303
300 2454
107 1108
15 78
142 2360
42 530
1 0
36 276
47 292
52 539
8 43
270 2224
29 83
19 109
95 1054
15 72
1 1
2 1
17 630
48 764
36 547
14 115
54 746
105 1536
6 22
24 155
66 252
3 3
5 20
119 1202
17 62
161 2388
356 5827
118 1649
45 980
320 12527
1 0
66 459
311 7882
94 688
69 494
12 106
131 1058
32 263
14 72
123 648
12 116
1 0
6 64
23 125
1 0
91 1095
53 1099
26 165
28 242
10 80
3 6
2 5
148 1246
599 12691
14 229
11 88
3 13
210 5580
94 1334
22 70
32 86
6 6
21 35
24 136
133 1260
15 31
19 199
213 2725
26 158
9 4
44 142
14 29
9 36
5 3
34 226
18 395
1 0
25 308
6 13
44 934
56 108
52 282
1 0
57 115
72 184
318 1468
18 31
32 83
205 712
17 157
5 3
17 155
23 279
19 87
4 11
1 6
12 141
91 965
1 0
38 341
5 3
28 51
30 350
128 2048
8 28
7 21
114 490
584 7452
84 696
10 57
9 12
2 5
22 115
1 0
5 4
52 163
4 4
2 0
66 508
2 1
37 150
3 7
3 7
19 100
607 9876
24 79
31 89
8 26
26 33
1 0
1 0
33 140
30 157
7 1
36 27
50 118
176 3350
1 0
12 67
28 184
6 11
98 675
149 972
97 683
135 3102
26 260
4 13
9 89
5 14
1 1
1 1
1 1
56 862
96 675
67 378
30 161
255 4087
66 450
147 2141
72 544
22 142
12 31
75 1062
137 1520
9 45
40 473
48 160
73 1103
15 45
160 2157
42 201
12 57
2 5
2 3
11 36
22 64
39 129
65 419
21 45
21 99
3 1
4 3
3 1
27 312
2 0
7 79
6 24
2 25
54 760
33 593
32 131
13 95
7 5
47 148
54 169
4 9
28 86
40 163
41 118
23 57
271 2122
85 1524
8 29
6 8
247 2023
179 1218
160 1212
154 2260
6 7
223 5383
615 7693
27 147
14 50
7 6
6 30
7 5
13 24
74 445
5 7
2 4
7 42
1 0
166 1056
41 294
1 0
4 2
5 6
119 1473
3 3
72 846
13 95
120 2947
128 1652
12 30
65 403
11 3
110 1273
42 542
33 222
238 3170
60 251
4 1
14 61
23 47
57 247
10 13
25 211
7 8
90 294
25 67
168 2133
147 2787
40 136
29 142
12 19
8 9
46 989
48 718
1 0
99 1173
25 356
112 2815
99 2834
12 30
21 84
40 150
25 101
42 201
762 11086
4 3
1 1
5 18
14 23
143 777
58 190
20 104
3 0
67 749
16 198
4 1
7 9
191 2506
44 122
682 6385
139 2201
13 35
16 125
26 273
51 2850
115 1446
12 100
154 1634
142 1435
40 233
117 1452
12 66
9 38
57 1587
28 421
1168 59685
1256 60408
406 11164
104 983
55 1034
20 200
76 1989
31 207
139 2245
188 1995
5 5
34 242
147 969
27 377
6 30
4 2
63 371
52 914
21 81
81 1155
49 260
498 4557
2 1
3 2
45 170
1 5
28 297
19 43
4 11
14 4
51 476
1 0
101 612
26 99
31 142
53 349
3 2
5 8
217 2258
11 144
1 0
2 1
96 962
156 5707
107 642
11 40
30 190
387 4727
9 8
128 845
19 173
14 54
1 0
5 8
1 0
7 42
140 840
11 17
27 53
34 96
30 55
9 24
1 0
25 110
3 2
2 4
5 1
9 125
35 175
30 253
54 256
6 2
23 76
7 2
102 262
165 3549
18 29
92 2913
9 20
3 3
2 1
79 1242
1 0
1 0
5 6
1 1
1 1
29 188
3 1
9 10
21 146
49 341
29 144
5 18
63 476
13 50
2 0
76 613
13 139
15 27
1 0
12 66
1 1
53 509
1 1
18 67
44 283
7 3
6 24
16 272
10 36
21 64
50 62
7 16
5 20
9 36
25 322
7 11
2 0
9 2
10 39
48 431
1 0
10 104
10 11
18 104
4 12
27 350
10 8
1 1
3 2
1 1
34 245
39 144
4 59
93 611
1 0
1 0
32 220
1 1
13 34
37 308
1 0
4 8
12 147
10 34
88 1620
1 0
17 29
1 0
6 41
20 22
11 34
1 0
18 174
1 0
8 35
1 0
5 3
7 16
15 8
42 351
67 462
17 14
4 3
38 485
181 2173
66 2050
357 3259
16 929
18 95
1 0
4 1
1 1
5 15
1 0
1 0
13 24
18 41
14 45
5 17
13 165
59 634
43 634
1 0
1 0
10 98
5 2
15 11
6 1
26 40
19 51
1 0
11 31
2 1
36 329
1 1
9 33
2 4
10 1
30 170
7 13
23 264
30 479
1 1
19 247
3 1
6 10
3 9
79 679
1 0
21 62
21 189
23 207
12 7
18 158
19 248
15 94
3 43
1 0
16 51
8 21
5 9
7 63
22 162
15 111
9 65
1 1
54 338
1 0
16 34
8 114
10 87
124 4547
36 153
28 170
2 1
5 2
3 1
11 44
1 0
84 445
94 463
13 40
1 0
2 1
11 101
5 35
16 222
733 19300
4 0
2 0
1 0
206 3094
105 2221
37 332
347 7834
8 59
3 89
260 4161
1 0
8 183
29 193
65 324
62 601
77 588
2 4
23 307
14 84
97 967
1 0
9 20
16 85
22 106
61 277
2 0
2 4
1 1
40 243
53 428
36 228
13 45
93 725
1 0
6 25
2 0
1 1
18 13
21 169
1 1
38 500
6 32
20 109
18 339
83 785
16 75
1 4
40 578
1 4
10 28
27 284
3 13
14 10
1 1
1 1
11 21
1 0
8 7
4 13
78 479
82 376
44 62
37 64
1 5
1 5
98 604
26 122
6 11
9 49
2 2
2 2
17 64
28 436
36 537
2 0
2 2
37 138
18 34
3 0
71 284
2 1
39 930
3 1
39 357
5 27
18 111
56 816
8 10
5 2
2 0
49 165
54 182
114 871
98 840
29 93
65 549
9 20
2 1
6 7
36 159
85 523
141 496
227 834
2 3
12 37
97 852
63 109
20 20
16 50
11 4
77 161
263 1442
26 104
36 116
19 29
27 36
51 271
5 5
35 225
13 53
4 3
1 0
1 0
1 0
11 1
14 70
20 24
1 0
27 124
10 21
95 1338
2 4
161 2857
6 58
145 2702
1 0
23 85
2 2
24 123
2 3
53 1009
28 99
16 37
18 53
53 383
14 90
5 79
21 34
1 2
25 271
24 120
1 0
1 0
57 1611
4 6
157 3000
2 4
2 1
3 1
1 1
2 1
52 511
4 7
36 396
64 362
12 124
63 830
4 5
1 3
34 717
3 2
26 168
104 1917
20 17
2 0
49 581
136 794
192 2297
19 201
9 33
129 929
27 43
40 144
19 37
285 3840
4 6
98 638
56 579
97 1669
162 2041
4 4
23 176
12 60
42 695
7 41
58 1092
5 3
15 55
4 26
19 117
7 52
42 506
94 871
10 14
73 655
33 139
2 2
41 441
8 90
2 1
16 102
5 33
1 0
1 0
1 0
1 0
17 84
1 0
1 0
28 251
5 15
42 472
22 175
16 109
33 654
24 402
91 1497
41 234
15 106
179 802
40 115
6 4
1 1
2 1
2 1
43 152
79 136
15 38
6 16
949 55935
20 82
52 384
11 65
6 28
15 157
32 371
30 254
65 957
3 5
49 380
3 5
86 708
26 115
50 525
46 374
73 656
47 315
102 779
21 79
11 63
14 74
1 2
89 917
4 19
3 5
23 146
50 536
87 520
2 0
39 612
112 2032
5 11
6 63
2 1
36 136
113 786
16 16
6 26
2 2
293 4386
52 461
1 0
27 316
182 3080
7 9
7 9
48 205
46 195
28 77
1 0
13 51
44 958
4 3
2 0
44 400
13 58
24 78
19 80
27 310
42 188
134 799
157 1329
135 1378
58 367
529 5862
7 10
56 263
13 120
101 584
47 320
47 308
46 397
98 1324
124 1128
1 1
8 77
3 5
151 856
